eval_pearson = 0.8308299627429432
eval_spearman = 0.8349443546259486
